$ANSIBLE_VAULT;1.1;AES256
31353939366563633432303165396165393063656338643831633961626133376265613930643462
6539643561336135303633333037623235666364346332340a623863333936356530663139633436
38313161613734646163356138666231396238343034656139633433353961346436663130343230
3163376339626362300a336632653133356437303539346335343066363530346232376566663961
39633531303361653566333662353731356261373837363863323634386537316235303338643464
37663335613833313939373638306134616233303464323762323736353734626364663132363537
33633432376165633036313734653866343865346131633463356331373139353134383566376661
36333339343263303337306330333661626539386638656362363763333739356261646536313136
32646330393830353337396537333236663266613535323632313931306163316333343538653961
36633131663235356465393535323736656637306366306134333931646431636335666535366335
61356163636537323836376131366538376530353332613666313430363138373564313531366339
31386662373831333736353133613938373130636464393635646661383132346439363333613534
37373261333564656435663564363238353461663532363633313863306532323162393065373338
30653938653136623033656636356264343566386461313435376331353664616165333563383039
30363665626263373863313565326639323236653934666532653639616636353839343731653236
64613230623964326530353235653831343234336166646439393435373138623833376139646262
61646436336239323930643831326631666237316131616638363134373863323732366166353032
31656665623936656636623732633136643139643237333561326634376562376536383364333665
31353463616163653766383361656135626436393866326337656532376530623365303639306663
65323435643863636334643966663036623530636537343037343666646265643064383363366633
31376430316134656336326633303032616266356630376136646563393737333131333362643665
38386432313364626639383837653863663763333536313861306461366334663235393734636532
30343638316663653166303032623937306138376533356536393937376366323131393333643138
36363637376163653164326366636433636566346131353464396438646236353966303263663837
65643365353030613833383062336462623964346235623935386531616131366166613466353131
37396639663231353731306535343366626431663631663466663130653239623661353764356261
30353964323361376537333034383865633166383233353737353632656536323134643732623232
63623862656562626330
